 1948   -0.014   -0.027    0.029   -0.069   -0.003    0.056   -0.038   -0.022   -0.052    0.009    0.135    0.063
 1949    0.154    0.161    0.040    0.100   -0.023    0.002    0.073    0.103    0.071    0.105    0.109    0.119
 1950    0.112   -0.032   -0.104   -0.129   -0.057   -0.041   -0.054    0.021    0.011   -0.089    0.081    0.089
 1951    0.104   -0.001    0.014    0.170    0.174    0.290    0.423    0.305    0.251    0.260    0.176    0.176
 1952    0.173    0.184    0.231    0.192    0.182    0.384    0.373    0.405    0.363    0.356    0.252    0.342
 1953    0.266    0.186    0.142    0.314    0.343    0.277    0.345    0.259    0.281    0.149    0.245    0.259
 1954    0.228    0.096    0.102   -0.013    0.071    0.100   -0.044   -0.013   -0.010   -0.031   -0.026   -0.050
 1955    0.077    0.041    0.042    0.096    0.177    0.194    0.269    0.176    0.204    0.280    0.387    0.257
 1956    0.187    0.095    0.014    0.064   -0.057   -0.263   -0.089   -0.098   -0.088   -0.042   -0.086    0.019
 1957   -0.080   -0.106   -0.019   -0.073   -0.120   -0.012    0.041    0.203    0.221    0.150    0.085    0.080
 1958    0.049    0.189    0.345    0.347    0.202    0.222    0.165    0.161    0.213    0.152    0.186    0.220
 1959    0.100    0.115   -0.027   -0.004    0.007   -0.059   -0.031    0.012    0.125    0.112    0.051    0.110
 1960    0.177    0.217    0.088    0.097    0.302    0.319    0.270    0.335    0.211    0.296    0.250    0.138
 1961    0.060    0.081    0.148    0.227    0.193    0.032   -0.019    0.036    0.003    0.029    0.067    0.213
 1962    0.149    0.151    0.165    0.087    0.022   -0.072   -0.008   -0.064    0.004    0.065    0.046    0.190
 1963    0.157    0.165    0.133    0.103   -0.085   -0.048   -0.036   -0.074   -0.203   -0.072   -0.058   -0.061
 1964   -0.076    0.021    0.039   -0.147    0.040    0.003   -0.145   -0.235   -0.221   -0.272   -0.167   -0.122
 1965   -0.199   -0.178   -0.078   -0.098   -0.099   -0.128   -0.189   -0.211   -0.223   -0.249   -0.277   -0.124
 1966   -0.077    0.009   -0.011    0.043    0.000   -0.046   -0.057   -0.045   -0.001    0.012    0.002    0.079
 1967    0.080    0.087   -0.035   -0.016   -0.188   -0.262   -0.232   -0.166   -0.098   -0.101   -0.236   -0.154
 1968   -0.248   -0.199   -0.210   -0.157   -0.125   -0.264   -0.231   -0.215   -0.151   -0.115   -0.109   -0.128
 1969   -0.064    0.103    0.205    0.147    0.009    0.027    0.092   -0.103   -0.109   -0.187   -0.126   -0.033
 1970   -0.012   -0.050    0.017    0.018   -0.048   -0.184   -0.202   -0.142   -0.139   -0.198   -0.242   -0.211
 1971   -0.247   -0.294   -0.312   -0.414   -0.328   -0.364   -0.351   -0.437   -0.368   -0.236   -0.244   -0.310
 1972   -0.319   -0.381   -0.440   -0.328   -0.470   -0.490   -0.376   -0.384   -0.304   -0.288   -0.278   -0.352
 1973   -0.375   -0.394   -0.345   -0.266   -0.170   -0.176   -0.105   -0.134   -0.132   -0.217   -0.210   -0.239
 1974   -0.277   -0.284   -0.402   -0.524   -0.501   -0.448   -0.516   -0.469   -0.507   -0.509   -0.427   -0.362
 1975   -0.273   -0.339   -0.310   -0.346   -0.389   -0.296   -0.272   -0.186   -0.336   -0.354   -0.342   -0.322
 1976   -0.385   -0.442   -0.494   -0.427   -0.489   -0.484   -0.308   -0.186   -0.194   -0.294   -0.416   -0.432
 1977   -0.390   -0.334   -0.183   -0.218   -0.170   -0.108   -0.106   -0.145   -0.232   -0.224   -0.143   -0.205
 1978   -0.106   -0.147   -0.159   -0.195   -0.204   -0.333   -0.276   -0.227   -0.190   -0.207   -0.119   -0.183
 1979   -0.192   -0.151   -0.228   -0.237   -0.117   -0.042   -0.094   -0.115   -0.109   -0.087   -0.085   -0.059
 1980   -0.001   -0.078   -0.138    0.000    0.130    0.109    0.051    0.024   -0.007   -0.060   -0.196   -0.248
 1981   -0.176   -0.175    0.007   -0.089   -0.078   -0.056   -0.089   -0.109   -0.030   -0.181   -0.131   -0.001
 1982   -0.075   -0.073   -0.075   -0.177   -0.186   -0.178   -0.223   -0.303   -0.302   -0.365   -0.411   -0.374
 1983   -0.292   -0.098    0.087    0.065   -0.042   -0.048   -0.009   -0.152   -0.210   -0.190   -0.152    0.003
 1984   -0.101   -0.082   -0.119   -0.151   -0.160   -0.319   -0.260   -0.220   -0.203   -0.338   -0.418   -0.312
 1985   -0.349   -0.324   -0.350   -0.395   -0.332   -0.122   -0.147   -0.276   -0.242   -0.240   -0.290   -0.331
 1986   -0.337   -0.270   -0.287   -0.319   -0.223   -0.256   -0.243   -0.267   -0.214   -0.313   -0.392   -0.366
 1987   -0.272   -0.212   -0.027    0.035    0.073    0.208    0.285    0.285    0.199    0.052   -0.065    0.048
 1988   -0.037   -0.111   -0.006    0.055    0.141    0.169    0.112   -0.006   -0.093   -0.168   -0.145   -0.162
 1989   -0.219   -0.154   -0.251   -0.288   -0.145    0.093    0.179    0.115   -0.093   -0.122   -0.148   -0.151
 1990   -0.297   -0.160   -0.177   -0.116   -0.057   -0.055   -0.020    0.054    0.148    0.115   -0.052   -0.034
 1991   -0.194   -0.116   -0.068   -0.132   -0.152   -0.128   -0.106   -0.108   -0.036   -0.261   -0.260   -0.213
 1992   -0.190   -0.094   -0.092   -0.184   -0.222   -0.150   -0.219   -0.381   -0.370   -0.300   -0.334   -0.285
 1993   -0.240   -0.187   -0.244   -0.174   -0.164   -0.182   -0.277   -0.229   -0.165   -0.244   -0.319   -0.294
 1994   -0.297   -0.310   -0.280   -0.201   -0.208   -0.223   -0.232   -0.237   -0.153   -0.061   -0.021   -0.092
 1995   -0.064   -0.041    0.015    0.074    0.270    0.362    0.312    0.181    0.052    0.100    0.125    0.040
 1996   -0.012   -0.034   -0.059    0.008   -0.067   -0.125   -0.107   -0.010   -0.003   -0.146   -0.176   -0.157
 1997   -0.093   -0.037    0.003    0.006    0.038    0.007    0.059    0.013    0.107    0.148    0.049    0.129
 1998    0.128    0.290    0.320    0.289    0.382    0.487    0.486    0.510    0.410    0.380    0.315    0.277
 1999    0.049    0.055    0.067    0.050    0.160    0.178    0.196    0.305    0.183    0.015   -0.051    0.013
 2000   -0.086   -0.040    0.102    0.040    0.103   -0.020    0.070    0.101    0.100   -0.042   -0.055   -0.129
 2001   -0.129   -0.029    0.013   -0.014   -0.011    0.196    0.133    0.176    0.284    0.249    0.154    0.212
 2002    0.180    0.163    0.143    0.025   -0.050   -0.119   -0.067    0.105    0.078    0.109    0.017    0.003
 2003    0.048   -0.015    0.111    0.077    0.149    0.203    0.274    0.413    0.450    0.424    0.221    0.222
 2004    0.209    0.207    0.156    0.106    0.004    0.175    0.226    0.315    0.239    0.240    0.219    0.185
 2005    0.109    0.124    0.282    0.290    0.291    0.325    0.445    0.438    0.417    0.236    0.138    0.214
 2006    0.122    0.073    0.058    0.196    0.306    0.331    0.373    0.399    0.362    0.332    0.287    0.170
 2007    0.169    0.215    0.125    0.157    0.110    0.086    0.127    0.053    0.096    0.156    0.174    0.109
 2008    0.028    0.127    0.157    0.041    0.171    0.254    0.204    0.173    0.197    0.101   -0.001    0.017
 2009   -0.061   -0.166   -0.162   -0.132   -0.063    0.120    0.226    0.151    0.055    0.163    0.068    0.081
 2010    0.038    0.175    0.285    0.424    0.458    0.446    0.448    0.524    0.447    0.322    0.234    0.206
 2011    0.142    0.106    0.053    0.090    0.150    0.176    0.090    0.145    0.142    0.061   -0.072   -0.047
 2012   -0.067    0.002    0.024    0.078    0.162    0.298    0.373    0.429    0.446    0.327    0.163    0.139
 2013    0.126    0.113    0.156    0.134    0.099    0.044    0.188    0.192    0.253    0.345    0.126    0.034
 2014   -0.064   -0.045   -0.083   -0.096   -0.004    0.060    0.219    0.333    0.308    0.290    0.063    0.056
 2015   -0.010   -0.006   -0.131   -0.074    0.042    0.027    0.130    0.176    0.298    0.322    0.184    0.227
 2016    0.229    0.153    0.186    0.175    0.342    0.407    0.430    0.454    0.455    0.378    0.388    0.333
 2017    0.223    0.225    0.165    0.280    0.312    0.306    0.300    0.308    0.348    0.431    0.350    0.362
 2018    0.171    0.060    0.130    0.061   -0.003   -0.013    0.015    0.110    0.160    0.141   -0.123   -0.062