1880   -0.843351    0.031336    0.009789    0.000850    0.020698
1881   -0.778600    0.031363    0.009789    0.000877    0.020698
1882   -0.802413    0.031384    0.009789    0.000897    0.020698
1883   -1.015107    0.031396    0.009789    0.000910    0.020698
1884   -1.047564    0.031409    0.009789    0.000922    0.020698
1885   -0.909343    0.031426    0.009789    0.000939    0.020698
1886   -0.863329    0.031441    0.009789    0.000955    0.020698
1887   -0.841624    0.031455    0.009789    0.000969    0.020698
1888   -0.784026    0.031421    0.009744    0.000979    0.020698
1889   -0.661205    0.032225    0.010525    0.001002    0.020698
1890   -0.883931    0.033286    0.011560    0.001029    0.020698
1891   -0.909642    0.033465    0.011713    0.001054    0.020698
1892   -0.887477    0.033891    0.012122    0.001071    0.020698
1893   -0.924188    0.032064    0.010294    0.001073    0.020698
1894   -0.792926    0.031043    0.009316    0.001057    0.020670
1895   -0.789186    0.030854    0.009224    0.001016    0.020614
1896   -0.718339    0.029699    0.008212    0.000953    0.020533
1897   -0.652296    0.029749    0.008437    0.000886    0.020427
1898   -0.769634    0.029000    0.007882    0.000822    0.020296
1899   -0.599428    0.028770    0.007873    0.000755    0.020142
1900   -0.522953    0.023996    0.003346    0.000683    0.019967
1901   -0.491775    0.024877    0.004498    0.000610    0.019770
1902   -0.653389    0.025183    0.005094    0.000536    0.019553
1903   -0.745082    0.025711    0.005937    0.000457    0.019316
1904   -0.807003    0.025809    0.006374    0.000373    0.019062
1905   -0.695358    0.025594    0.006511    0.000293    0.018790
1906   -0.524586    0.025382    0.006658    0.000222    0.018503
1907   -0.968516    0.020421    0.002061    0.000161    0.018200
1908   -0.785170    0.019476    0.001484    0.000109    0.017883
1909   -0.765132    0.019891    0.002241    0.000069    0.017581
1910   -0.695425    0.018232    0.000894    0.000045    0.017293
1911   -0.829508    0.017752    0.000695    0.000036    0.017021
1912   -0.825033    0.017524    0.000730    0.000031    0.016764
1913   -0.655163    0.017283    0.000735    0.000026    0.016521
1914   -0.400879    0.017402    0.001085    0.000023    0.016294
1915   -0.439604    0.017681    0.001580    0.000020    0.016081
1916   -0.808113    0.017497    0.001598    0.000016    0.015883
1917   -0.975490    0.017304    0.001591    0.000013    0.015700
1918   -0.850859    0.016979    0.001438    0.000009    0.015532
1919   -0.677667    0.016402    0.001016    0.000006    0.015379
1920   -0.707729    0.016390    0.001143    0.000006    0.015241
1921   -0.493966    0.016287    0.001163    0.000006    0.015118
1922   -0.615422    0.016247    0.001232    0.000006    0.015010
1923   -0.641029    0.018610    0.003688    0.000006    0.014916
1924   -0.601445    0.018255    0.003503    0.000007    0.014745
1925   -0.497066    0.019535    0.005030    0.000006    0.014499
1926   -0.369146    0.018093    0.003906    0.000006    0.014182
1927   -0.571672    0.017659    0.003855    0.000006    0.013798
1928   -0.498456    0.017594    0.004236    0.000006    0.013352
1929   -0.840878    0.017343    0.004491    0.000006    0.012846
1930   -0.469789    0.016536    0.004246    0.000006    0.012284
1931   -0.370058    0.014411    0.002733    0.000007    0.011671
1932   -0.384863    0.013523    0.002504    0.000009    0.011010
1933   -0.708813    0.012999    0.002682    0.000012    0.010305
1934   -0.418866    0.014139    0.004560    0.000019    0.009560
1935   -0.529803    0.013329    0.004525    0.000026    0.008778
1936   -0.481830    0.012888    0.004892    0.000033    0.007964
1937   -0.375678    0.015411    0.008250    0.000041    0.007120
1938   -0.184191    0.012316    0.006012    0.000053    0.006252
1939   -0.266212    0.011396    0.005873    0.000067    0.005456
1940   -0.288655    0.010845    0.006030    0.000084    0.004731
1941   -0.260286    0.014108    0.009930    0.000099    0.004079
1942   -0.304713    0.012372    0.008762    0.000112    0.003498
1943   -0.287759    0.008982    0.005869    0.000123    0.002989
1944   -0.162811    0.011680    0.008999    0.000131    0.002550
1945   -0.430828    0.013097    0.010788    0.000133    0.002176
1946   -0.369511    0.007860    0.005866    0.000132    0.001862
1947   -0.319677    0.007459    0.005727    0.000130    0.001603
1948   -0.302108    0.007247    0.005727    0.000126    0.001394
1949   -0.422129    0.004736    0.003386    0.000119    0.001232
1950   -0.679754    0.004077    0.002855    0.000112    0.001110
1951   -0.419943    0.002322    0.001192    0.000105    0.001025
1952   -0.411155    0.002592    0.001525    0.000097    0.000971
1953   -0.158418    0.002542    0.001513    0.000085    0.000944
1954   -0.484825    0.002304    0.001295    0.000070    0.000939
1955   -0.473180    0.002439    0.001435    0.000053    0.000951
1956   -0.760588    0.003106    0.002092    0.000037    0.000976
1957   -0.394828    0.001596    0.000563    0.000024    0.001009
1958   -0.208551    0.001795    0.000738    0.000013    0.001044
1959   -0.275629    0.001780    0.000694    0.000005    0.001080
1960   -0.364340    0.001818    0.000699    0.000003    0.001117
1961   -0.236413    0.002490    0.001333    0.000002    0.001154
1962   -0.199657    0.002513    0.001318    0.000003    0.001192
1963   -0.145546    0.002606    0.001372    0.000003    0.001231
1964   -0.575730    0.008398    0.007124    0.000004    0.001270
1965   -0.480728    0.009197    0.007883    0.000005    0.001310
1966   -0.408762    0.003524    0.002168    0.000005    0.001350
1967   -0.342131    0.003135    0.001739    0.000005    0.001391
1968   -0.465742    0.002712    0.001274    0.000005    0.001433
1969   -0.431775    0.002361    0.000881    0.000005    0.001475
1970   -0.309209    0.002034    0.000510    0.000006    0.001518
1971   -0.376402    0.003425    0.001857    0.000007    0.001562
1972   -0.516539    0.003569    0.001955    0.000008    0.001606
1973   -0.013403    0.003142    0.001482    0.000010    0.001651
1974   -0.535213    0.002207    0.000501    0.000011    0.001696
1975   -0.212540    0.002176    0.000422    0.000012    0.001742
1976   -0.582569    0.002027    0.000227    0.000012    0.001788
1977   -0.097980    0.001873    0.000025    0.000012    0.001836
1978   -0.242005    0.001943    0.000047    0.000012    0.001884
1979   -0.175370    0.001992    0.000048    0.000012    0.001932
1980   -0.035621    0.002019    0.000025    0.000013    0.001981
1981    0.176922    0.002180    0.000136    0.000014    0.002031
1982   -0.233541    0.002370    0.000275    0.000014    0.002081
1983    0.155405    0.002322    0.000175    0.000015    0.002132
1984   -0.286973    0.003347    0.001149    0.000015    0.002184
1985   -0.251732    0.002716    0.000466    0.000014    0.002236
1986   -0.049146    0.002736    0.000435    0.000013    0.002288
1987    0.098671    0.002849    0.000495    0.000012    0.002342
1988    0.234161    0.002498    0.000092    0.000010    0.002396
1989    0.016371    0.002755    0.000296    0.000009    0.002451
1990    0.309906    0.002890    0.000376    0.000008    0.002506
1991    0.185220    0.002805    0.000236    0.000007    0.002562
1992   -0.102553    0.003005    0.000380    0.000007    0.002618
1993    0.004176    0.003287    0.000606    0.000006    0.002675
1994    0.135404    0.003294    0.000559    0.000006    0.002729
1995    0.429633    0.003207    0.000424    0.000005    0.002779
1996    0.001099    0.003763    0.000934    0.000004    0.002825
1997    0.295426    0.003622    0.000752    0.000003    0.002868
1998    0.636298    0.004800    0.001891    0.000002    0.002907
1999    0.436623    0.005357    0.002413    0.000002    0.002942
2000    0.284180    0.005970    0.002995    0.000001    0.002974
2001    0.505261    0.005359    0.002355    0.000002    0.003002
2002    0.616732    0.005036    0.002008    0.000002    0.003026
2003    0.606696    0.005467    0.002418    0.000002    0.003046
2004    0.471783    0.008095    0.005031    0.000002    0.003062
2005    0.747404    0.008791    0.005715    0.000002    0.003074
2006    0.632793    0.010062    0.006978    0.000002    0.003082
2007    0.779140    0.010020    0.006932    0.000002    0.003086
2008    0.547627    0.008293    0.005205    0.000002    0.003086
2009    0.564007    0.005111    0.002022    0.000002    0.003086
2010    0.810056    0.005112    0.002024    0.000002    0.003086
2011    0.575289    0.004974    0.001886    0.000002    0.003086
2012    0.620930    0.004996    0.001908    0.000002    0.003086
2013    0.691654    0.005450    0.002362    0.000002    0.003086
2014    0.675734    0.004021    0.000933    0.000002    0.003086
2015    1.056643    0.004021    0.000933    0.000002    0.003086
2016    1.173760    0.004021    0.000933    0.000002    0.003086
2017    1.048576    0.004021    0.000933    0.000002    0.003086
2018    0.846495    0.004021    0.000933    0.000002    0.003086
2019    1.056999    0.004021    0.000933    0.000002    0.003086
2020    1.222770    0.004021    0.000933    0.000002    0.003086
2021    0.807953    0.009871    0.000933    0.000002    0.003086
