1880   -0.370221    0.009780    0.001438    0.000850    0.007492
1881   -0.319993    0.009813    0.001438    0.000877    0.007498
1882   -0.320088    0.009803    0.001438    0.000897    0.007468
1883   -0.396044    0.009790    0.001438    0.000910    0.007443
1884   -0.458355    0.009756    0.001438    0.000922    0.007395
1885   -0.470374    0.009730    0.001438    0.000939    0.007353
1886   -0.454006    0.009717    0.001438    0.000955    0.007324
1887   -0.500691    0.009711    0.001438    0.000969    0.007305
1888   -0.398554    0.009440    0.001147    0.000979    0.007314
1889   -0.350036    0.008634    0.000308    0.001002    0.007324
1890   -0.570328    0.008659    0.000301    0.001029    0.007329
1891   -0.494919    0.008736    0.000355    0.001054    0.007327
1892   -0.548055    0.008650    0.000257    0.001071    0.007321
1893   -0.562071    0.008506    0.000137    0.001073    0.007296
1894   -0.525775    0.008512    0.000167    0.001057    0.007289
1895   -0.471768    0.008409    0.000076    0.001016    0.007317
1896   -0.338193    0.008340    0.000025    0.000953    0.007362
1897   -0.363661    0.008395    0.000073    0.000886    0.007435
1898   -0.502814    0.008379    0.000043    0.000822    0.007514
1899   -0.365352    0.008431    0.000042    0.000755    0.007634
1900   -0.311723    0.008467    0.000034    0.000683    0.007750
1901   -0.386325    0.008499    0.000025    0.000610    0.007864
1902   -0.491427    0.008627    0.000109    0.000536    0.007982
1903   -0.581167    0.008861    0.000332    0.000457    0.008071
1904   -0.663557    0.008864    0.000327    0.000373    0.008165
1905   -0.534534    0.008676    0.000128    0.000293    0.008255
1906   -0.460830    0.008682    0.000080    0.000222    0.008380
1907   -0.617692    0.008835    0.000241    0.000161    0.008433
1908   -0.687197    0.009038    0.000522    0.000109    0.008407
1909   -0.676073    0.008516    0.000094    0.000069    0.008353
1910   -0.630316    0.008322    0.000025    0.000045    0.008252
1911   -0.679202    0.008170    0.000025    0.000036    0.008110
1912   -0.575966    0.008045    0.000025    0.000031    0.007990
1913   -0.565074    0.007955    0.000025    0.000026    0.007904
1914   -0.385929    0.008123    0.000235    0.000023    0.007864
1915   -0.316452    0.008111    0.000171    0.000020    0.007920
1916   -0.538433    0.008160    0.000136    0.000016    0.008007
1917   -0.562652    0.008234    0.000108    0.000013    0.008114
1918   -0.450141    0.008371    0.000144    0.000009    0.008218
1919   -0.447500    0.008677    0.000307    0.000006    0.008364
1920   -0.456787    0.008972    0.000398    0.000006    0.008568
1921   -0.392564    0.009294    0.000566    0.000006    0.008722
1922   -0.473711    0.009353    0.000374    0.000006    0.008973
1923   -0.459338    0.010326    0.000985    0.000006    0.009336
1924   -0.495659    0.010607    0.000916    0.000007    0.009685
1925   -0.391350    0.011228    0.001157    0.000006    0.010064
1926   -0.308497    0.011111    0.000739    0.000006    0.010366
1927   -0.397312    0.011344    0.000705    0.000006    0.010633
1928   -0.418850    0.011603    0.000707    0.000006    0.010890
1929   -0.538439    0.011923    0.000783    0.000006    0.011133
1930   -0.344298    0.011924    0.000601    0.000006    0.011317
1931   -0.315607    0.012023    0.000542    0.000007    0.011473
1932   -0.364719    0.012146    0.000571    0.000009    0.011566
1933   -0.491165    0.011846    0.000295    0.000012    0.011538
1934   -0.349300    0.011670    0.000292    0.000019    0.011360
1935   -0.384933    0.011431    0.000412    0.000026    0.010994
1936   -0.360084    0.011022    0.000545    0.000033    0.010444
1937   -0.263162    0.010284    0.000404    0.000041    0.009839
1938   -0.274312    0.009888    0.000646    0.000053    0.009190
1939   -0.259667    0.008912    0.000051    0.000067    0.008793
1940   -0.149987    0.009045    0.000237    0.000084    0.008724
1941   -0.051454    0.009403    0.000515    0.000099    0.008789
1942   -0.092516    0.009648    0.000841    0.000112    0.008694
1943   -0.087919    0.009835    0.001089    0.000123    0.008622
1944    0.043781    0.008969    0.000454    0.000131    0.008384
1945   -0.076879    0.008569    0.000270    0.000133    0.008166
1946   -0.253379    0.008201    0.000175    0.000132    0.007894
1947   -0.296835    0.007793    0.000025    0.000130    0.007638
1948   -0.298857    0.007552    0.000025    0.000126    0.007401
1949   -0.302724    0.007365    0.000025    0.000119    0.007221
1950   -0.405104    0.007437    0.000201    0.000112    0.007124
1951   -0.257090    0.008058    0.000760    0.000105    0.007193
1952   -0.217626    0.007524    0.000122    0.000097    0.007305
1953   -0.148274    0.007504    0.000025    0.000085    0.007394
1954   -0.359033    0.007412    0.000034    0.000070    0.007308
1955   -0.377230    0.006932    0.000037    0.000053    0.006842
1956   -0.441756    0.006558    0.000044    0.000037    0.006476
1957   -0.192930    0.006435    0.000115    0.000024    0.006295
1958   -0.131535    0.006213    0.000097    0.000013    0.006103
1959   -0.182891    0.006133    0.000103    0.000005    0.006025
1960   -0.221351    0.005851    0.000094    0.000003    0.005754
1961   -0.164042    0.005482    0.000025    0.000002    0.005454
1962   -0.151509    0.005202    0.000025    0.000003    0.005174
1963   -0.134236    0.004990    0.000025    0.000003    0.004962
1964   -0.391505    0.005267    0.000515    0.000004    0.004748
1965   -0.320555    0.004960    0.000443    0.000005    0.004513
1966   -0.265302    0.004381    0.000111    0.000005    0.004265
1967   -0.257174    0.004076    0.000069    0.000005    0.004001
1968   -0.274434    0.003866    0.000069    0.000005    0.003792
1969   -0.150296    0.003620    0.000060    0.000005    0.003555
1970   -0.207249    0.003432    0.000025    0.000006    0.003402
1971   -0.322848    0.003326    0.000116    0.000007    0.003204
1972   -0.215528    0.003074    0.000060    0.000008    0.003006
1973   -0.079656    0.002802    0.000025    0.000010    0.002768
1974   -0.315256    0.002569    0.000025    0.000011    0.002533
1975   -0.240343    0.002534    0.000025    0.000012    0.002498
1976   -0.322264    0.002527    0.000025    0.000012    0.002490
1977   -0.047327    0.002492    0.000025    0.000012    0.002455
1978   -0.131999    0.002540    0.000061    0.000012    0.002467
1979   -0.017030    0.002615    0.000046    0.000012    0.002557
1980    0.019703    0.002852    0.000076    0.000013    0.002764
1981    0.056678    0.003058    0.000025    0.000014    0.003019
1982   -0.061556    0.003306    0.000025    0.000014    0.003266
1983    0.098939    0.003492    0.000025    0.000015    0.003452
1984   -0.095065    0.003896    0.000300    0.000015    0.003581
1985   -0.110306    0.003786    0.000137    0.000014    0.003635
1986   -0.014796    0.003756    0.000150    0.000013    0.003593
1987    0.126708    0.003705    0.000149    0.000012    0.003544
1988    0.131414    0.003611    0.000100    0.000010    0.003501
1989    0.050715    0.003582    0.000120    0.000009    0.003452
1990    0.185546    0.003395    0.000049    0.000008    0.003337
1991    0.157174    0.003347    0.000025    0.000007    0.003315
1992    0.011346    0.003367    0.000025    0.000007    0.003335
1993    0.034815    0.003454    0.000056    0.000006    0.003392
1994    0.091837    0.003522    0.000068    0.000006    0.003448
1995    0.209614    0.003567    0.000066    0.000005    0.003496
1996    0.076346    0.003664    0.000112    0.000004    0.003549
1997    0.271884    0.003726    0.000109    0.000003    0.003615
1998    0.386873    0.004072    0.000315    0.000002    0.003755
1999    0.195462    0.004420    0.000505    0.000002    0.003913
2000    0.176690    0.004596    0.000478    0.000001    0.004117
2001    0.297130    0.004676    0.000342    0.000002    0.004331
2002    0.352207    0.004998    0.000461    0.000002    0.004535
2003    0.363818    0.005174    0.000440    0.000002    0.004733
2004    0.331374    0.005807    0.000874    0.000002    0.004931
2005    0.412248    0.005996    0.000854    0.000002    0.005139
2006    0.366532    0.006738    0.001435    0.000002    0.005300
2007    0.363599    0.006959    0.001509    0.000002    0.005448
2008    0.295469    0.006215    0.000647    0.000002    0.005565
2009    0.390451    0.005795    0.000142    0.000002    0.005651
2010    0.454445    0.005887    0.000193    0.000002    0.005693
2011    0.332429    0.005933    0.000217    0.000002    0.005713
2012    0.377197    0.005960    0.000232    0.000002    0.005726
2013    0.422151    0.005950    0.000232    0.000002    0.005715
2014    0.496599    0.005950    0.000232    0.000002    0.005715
2015    0.660687    0.005950    0.000232    0.000002    0.005715
2016    0.701143    0.005950    0.000232    0.000002    0.005715
2017    0.603652    0.005950    0.000232    0.000002    0.005715
2018    0.537254    0.005950    0.000232    0.000002    0.005715
2019    0.610443    0.011359    0.000232    0.000002    0.005715
