1880   -0.313445    0.003246    0.000025    0.000850    0.002371
1881   -0.284698    0.003280    0.000025    0.000877    0.002378
1882   -0.294960    0.003259    0.000025    0.000897    0.002336
1883   -0.339746    0.003236    0.000025    0.000910    0.002302
1884   -0.440188    0.003184    0.000025    0.000922    0.002236
1885   -0.466312    0.003141    0.000025    0.000939    0.002177
1886   -0.468569    0.003117    0.000025    0.000955    0.002138
1887   -0.528826    0.003103    0.000025    0.000969    0.002110
1888   -0.344055    0.003128    0.000025    0.000979    0.002123
1889   -0.322943    0.003659    0.000521    0.001002    0.002137
1890   -0.587701    0.003783    0.000611    0.001029    0.002144
1891   -0.447007    0.003671    0.000476    0.001054    0.002141
1892   -0.527671    0.003669    0.000465    0.001071    0.002133
1893   -0.539119    0.003739    0.000568    0.001073    0.002099
1894   -0.565667    0.003761    0.000605    0.001057    0.002099
1895   -0.470475    0.003892    0.000717    0.001016    0.002160
1896   -0.295604    0.004500    0.001293    0.000953    0.002253
1897   -0.326968    0.005612    0.002330    0.000886    0.002396
1898   -0.519163    0.005108    0.001730    0.000822    0.002556
1899   -0.427955    0.005323    0.001785    0.000755    0.002782
1900   -0.344204    0.005209    0.001514    0.000683    0.003012
1901   -0.462060    0.005118    0.001262    0.000610    0.003246
1902   -0.539907    0.004500    0.000470    0.000536    0.003494
1903   -0.667555    0.004379    0.000212    0.000457    0.003709
1904   -0.757872    0.004505    0.000194    0.000373    0.003938
1905   -0.548455    0.004988    0.000526    0.000293    0.004169
1906   -0.519401    0.005362    0.000686    0.000222    0.004454
1907   -0.591348    0.006611    0.001805    0.000161    0.004645
1908   -0.727253    0.006666    0.001826    0.000109    0.004732
1909   -0.748898    0.005864    0.001022    0.000069    0.004774
1910   -0.721198    0.005448    0.000658    0.000045    0.004745
1911   -0.726281    0.005342    0.000653    0.000036    0.004654
1912   -0.578994    0.005154    0.000537    0.000031    0.004586
1913   -0.620547    0.004899    0.000311    0.000026    0.004561
1914   -0.469617    0.004643    0.000025    0.000023    0.004595
1915   -0.396662    0.004800    0.000025    0.000020    0.004755
1916   -0.558496    0.004996    0.000027    0.000016    0.004952
1917   -0.585713    0.005209    0.000025    0.000013    0.005172
1918   -0.506564    0.005415    0.000025    0.000009    0.005382
1919   -0.509341    0.005771    0.000123    0.000006    0.005642
1920   -0.476289    0.006121    0.000135    0.000006    0.005980
1921   -0.464622    0.006540    0.000292    0.000006    0.006242
1922   -0.538082    0.006847    0.000209    0.000006    0.006632
1923   -0.533756    0.007669    0.000492    0.000006    0.007171
1924   -0.537121    0.008101    0.000372    0.000007    0.007722
1925   -0.488327    0.008779    0.000428    0.000006    0.008344
1926   -0.394157    0.009190    0.000299    0.000006    0.008886
1927   -0.453529    0.009699    0.000288    0.000006    0.009405
1928   -0.496007    0.010251    0.000310    0.000006    0.009935
1929   -0.562219    0.010841    0.000365    0.000006    0.010469
1930   -0.404862    0.011117    0.000169    0.000006    0.010942
1931   -0.377909    0.011578    0.000174    0.000007    0.011397
1932   -0.464941    0.011942    0.000152    0.000009    0.011781
1933   -0.519834    0.012197    0.000168    0.000012    0.012016
1934   -0.427556    0.013217    0.001140    0.000019    0.012058
1935   -0.447031    0.012692    0.000813    0.000026    0.011853
1936   -0.414493    0.012195    0.000756    0.000033    0.011407
1937   -0.305122    0.011887    0.000953    0.000041    0.010894
1938   -0.393491    0.010961    0.000578    0.000053    0.010330
1939   -0.323519    0.012342    0.002186    0.000067    0.010088
1940   -0.099490    0.015807    0.005450    0.000084    0.010273
1941    0.053054    0.018680    0.007965    0.000099    0.010616
1942   -0.166295    0.019919    0.009098    0.000112    0.010710
1943   -0.173462    0.019446    0.008515    0.000123    0.010807
1944    0.022993    0.017436    0.006659    0.000131    0.010646
1945    0.003576    0.016760    0.006138    0.000133    0.010489
1946   -0.309191    0.014543    0.004176    0.000132    0.010234
1947   -0.366506    0.012492    0.002383    0.000130    0.009979
1948   -0.396567    0.012210    0.002353    0.000126    0.009731
1949   -0.374721    0.011486    0.001822    0.000119    0.009544
1950   -0.383611    0.012657    0.003088    0.000112    0.009457
1951   -0.273370    0.013785    0.004095    0.000105    0.009585
1952   -0.214657    0.012111    0.002252    0.000097    0.009762
1953   -0.194705    0.010060    0.000079    0.000085    0.009895
1954   -0.384861    0.009892    0.000043    0.000070    0.009779
1955   -0.430852    0.009222    0.000043    0.000053    0.009127
1956   -0.394062    0.008687    0.000040    0.000037    0.008610
1957   -0.182404    0.008797    0.000427    0.000024    0.008346
1958   -0.179808    0.008487    0.000409    0.000013    0.008065
1959   -0.215797    0.008360    0.000412    0.000005    0.007943
1960   -0.224189    0.007926    0.000371    0.000003    0.007552
1961   -0.209956    0.007374    0.000250    0.000002    0.007122
1962   -0.208853    0.007116    0.000395    0.000003    0.006718
1963   -0.213876    0.006514    0.000102    0.000003    0.006409
1964   -0.408854    0.006126    0.000025    0.000004    0.006097
1965   -0.345605    0.005805    0.000045    0.000005    0.005755
1966   -0.290891    0.005498    0.000097    0.000005    0.005396
1967   -0.305399    0.005132    0.000114    0.000005    0.005014
1968   -0.290522    0.004856    0.000144    0.000005    0.004707
1969   -0.121104    0.004486    0.000120    0.000005    0.004362
1970   -0.235373    0.004401    0.000264    0.000006    0.004132
1971   -0.381120    0.003977    0.000130    0.000007    0.003840
1972   -0.186553    0.003777    0.000220    0.000008    0.003549
1973   -0.158643    0.003568    0.000357    0.000010    0.003201
1974   -0.314871    0.003255    0.000387    0.000011    0.002858
1975   -0.332889    0.003188    0.000386    0.000012    0.002791
1976   -0.301894    0.003210    0.000436    0.000012    0.002762
1977   -0.101958    0.002779    0.000072    0.000012    0.002696
1978   -0.177704    0.002828    0.000123    0.000012    0.002693
1979   -0.051990    0.002893    0.000081    0.000012    0.002799
1980   -0.031879    0.003150    0.000071    0.000013    0.003067
1981   -0.049132    0.003441    0.000025    0.000014    0.003402
1982   -0.077333    0.003766    0.000025    0.000014    0.003726
1983    0.006353    0.004004    0.000025    0.000015    0.003965
1984   -0.093357    0.004456    0.000317    0.000015    0.004123
1985   -0.121089    0.004344    0.000151    0.000014    0.004178
1986   -0.086714    0.004366    0.000254    0.000013    0.004099
1987    0.061514    0.004276    0.000253    0.000012    0.004011
1988    0.023525    0.004182    0.000242    0.000010    0.003930
1989   -0.030156    0.004094    0.000244    0.000009    0.003841
1990    0.072391    0.003724    0.000056    0.000008    0.003660
1991    0.038588    0.003639    0.000025    0.000007    0.003607
1992   -0.063127    0.003645    0.000025    0.000007    0.003613
1993   -0.041721    0.003701    0.000025    0.000006    0.003670
1994   -0.006682    0.003758    0.000025    0.000006    0.003727
1995    0.055719    0.003804    0.000025    0.000005    0.003774
1996    0.015770    0.003858    0.000025    0.000004    0.003829
1997    0.168708    0.003932    0.000025    0.000003    0.003905
1998    0.228674    0.004131    0.000045    0.000002    0.004084
1999    0.012552    0.004379    0.000088    0.000002    0.004290
2000    0.048528    0.004586    0.000025    0.000001    0.004560
2001    0.164379    0.004874    0.000025    0.000002    0.004847
2002    0.193429    0.005147    0.000025    0.000002    0.005120
2003    0.222037    0.005414    0.000025    0.000002    0.005387
2004    0.194552    0.005683    0.000025    0.000002    0.005655
2005    0.208810    0.005968    0.000025    0.000002    0.005940
2006    0.208290    0.006301    0.000138    0.000002    0.006161
2007    0.130456    0.006564    0.000198    0.000002    0.006364
2008    0.111246    0.006554    0.000025    0.000002    0.006526
2009    0.245678    0.006734    0.000087    0.000002    0.006645
2010    0.263259    0.006765    0.000060    0.000002    0.006703
2011    0.144999    0.006760    0.000025    0.000002    0.006732
2012    0.212960    0.006777    0.000025    0.000002    0.006749
2013    0.239150    0.006764    0.000027    0.000002    0.006735
2014    0.334947    0.006856    0.000118    0.000002    0.006735
2015    0.449993    0.006856    0.000118    0.000002    0.006735
2016    0.498216    0.006856    0.000118    0.000002    0.006735
2017    0.426823    0.006856    0.000118    0.000002    0.006735
2018    0.384637    0.006856    0.000118    0.000002    0.006735
2019    0.475585    0.006856    0.000118    0.000002    0.006735
2020    0.459904    0.006856    0.000118    0.000002    0.006735
2021    0.288908    0.016828    0.000118    0.000002    0.006735
